
Proc ID  MPI_Rank   File #     File Pos 	 # of Bytes 	 Time(s)     I/O Op
===================================================================================== 
26502      0      0             0             0         0.014997  MPI_OPEN
26502      0      0             0             0         0.020491  MPI_SEEK
26502      0      0             0       1048576         0.020497  MPI_READ
26502      0      0            10       1048576         0.031380  MPI_READ
26502      0      0            30       1048576         0.041197  MPI_READ
26502      0      0            60       1048576         0.053332  MPI_READ
26502      0      0           100       1048576         0.063223  MPI_READ
26502      0      0           150       1048576         0.073821  MPI_READ
26502      0      0           210       1048576         0.083550  MPI_READ
26502      0      0           280       1048576         0.094218  MPI_READ
26502      0      0           360       1048576         0.104041  MPI_READ
26502      0      0             0             0         5.361216  MPI_CLOSE

End of trace 
