10653      0      0             0             0         0.038132  MPI_OPEN
10653      0      0             0             0         0.043720  MPI_SEEK
10653      0      0             0       1048576         0.043729  MPI_READ
10653      0      0       2097152             0         0.171448  MPI_SEEK
10653      0      0       2097152       1048576         0.171462  MPI_READ
10653      0      0       4194304             0         0.250952  MPI_SEEK
10653      0      0       4194304       1048576         0.250965  MPI_READ
10653      0      0       6291456             0         0.378307  MPI_SEEK
10653      0      0       6291456       1048576         0.378321  MPI_READ
10653      0      0       8388608             0         0.548302  MPI_SEEK
10653      0      0       8388608       1048576         0.548314  MPI_READ
10653      0      0      10485760             0         0.628264  MPI_SEEK
10653      0      0      10485760       1048576         0.628276  MPI_READ
10653      0      0      12582912             0         0.667933  MPI_SEEK
10653      0      0      12582912       1048576         0.667950  MPI_READ
10653      0      0      14680064             0         0.770952  MPI_SEEK
10653      0      0      14680064       1048576         0.770964  MPI_READ
10653      0      0      16777216             0         0.901924  MPI_SEEK
10653      0      0      16777216       1048576         0.901940  MPI_READ
10653      0      0      18874368             0         0.996423  MPI_SEEK
10653      0      0      18874368       1048576         0.996435  MPI_READ
10653      0      0      20971520             0         1.057712  MPI_SEEK
10653      0      0      20971520       1048576         1.057730  MPI_READ
10653      0      0      23068672             0         1.145831  MPI_SEEK
10653      0      0      23068672       1048576         1.145843  MPI_READ
10653      0      0      25165824             0         1.277320  MPI_SEEK
10653      0      0      25165824       1048576         1.277332  MPI_READ
10653      0      0      27262976             0         1.374482  MPI_SEEK
10653      0      0      27262976       1048576         1.374494  MPI_READ
10653      0      0      29360128             0         1.424335  MPI_SEEK
10653      0      0      29360128       1048576         1.424347  MPI_READ
10653      0      0      31457280             0         1.522716  MPI_SEEK
10653      0      0      31457280       1048576         1.522728  MPI_READ
10653      0      0      33554432             0         1.648158  MPI_SEEK
10653      0      0      33554432       1048576         1.648170  MPI_READ
10653      0      0      35651584             0         1.739848  MPI_SEEK
10653      0      0      35651584       1048576         1.739861  MPI_READ
10653      0      0      37748736             0         1.795207  MPI_SEEK
10653      0      0      37748736       1048576         1.795220  MPI_READ
10653      0      0      39845888             0         1.889397  MPI_SEEK
10653      0      0      39845888       1048576         1.889407  MPI_READ
10653      0      0      41943040             0         2.018032  MPI_SEEK
10653      0      0      41943040       1048576         2.018048  MPI_READ
10653      0      0      44040192             0         2.101406  MPI_SEEK
10653      0      0      44040192       1048576         2.101419  MPI_READ
10653      0      0      46137344             0         2.151653  MPI_SEEK
10653      0      0      46137344       1048576         2.151666  MPI_READ
10653      0      0      48234496             0         2.250210  MPI_SEEK
10653      0      0      48234496       1048576         2.250222  MPI_READ
10653      0      0      50331648             0         2.375565  MPI_SEEK
10653      0      0      50331648       1048576         2.375578  MPI_READ
10653      0      0      52428800             0         2.470144  MPI_SEEK
10653      0      0      52428800       1048576         2.470160  MPI_READ
10653      0      0      54525952             0         2.527688  MPI_SEEK
10653      0      0      54525952       1048576         2.527699  MPI_READ
10653      0      0      56623104             0         2.623564  MPI_SEEK
10653      0      0      56623104       1048576         2.623580  MPI_READ
10653      0      0      58720256             0         2.784928  MPI_SEEK
10653      0      0      58720256       1048576         2.784940  MPI_READ
10653      0      0      60817408             0         2.871447  MPI_SEEK
10653      0      0      60817408       1048576         2.871459  MPI_READ
10653      0      0      62914560             0         2.921808  MPI_SEEK
10653      0      0      62914560       1048576         2.921820  MPI_READ
10653      0      0      65011712             0         3.006796  MPI_SEEK
10653      0      0      65011712       1048576         3.006813  MPI_READ
10653      0      0      67108864             0         3.147441  MPI_SEEK
10653      0      0      67108864       1048576         3.147456  MPI_READ
10653      0      0      69206016             0         3.242651  MPI_SEEK
10653      0      0      69206016       1048576         3.242666  MPI_READ
10653      0      0      71303168             0         3.303546  MPI_SEEK
10653      0      0      71303168       1048576         3.303567  MPI_READ
10653      0      0      73400320             0         3.402067  MPI_SEEK
10653      0      0      73400320       1048576         3.402084  MPI_READ
10653      0      0      75497472             0         3.526732  MPI_SEEK
10653      0      0      75497472       1048576         3.526747  MPI_READ
10653      0      0      77594624             0         3.617675  MPI_SEEK
10653      0      0      77594624       1048576         3.617688  MPI_READ
10653      0      0      79691776             0         3.670054  MPI_SEEK
10653      0      0      79691776       1048576         3.670069  MPI_READ
10653      0      0      81788928             0         3.758635  MPI_SEEK
10653      0      0      81788928       1048576         3.758647  MPI_READ
10653      0      0      83886080             0         3.883251  MPI_SEEK
10653      0      0      83886080       1048576         3.883275  MPI_READ
10653      0      0      85983232             0         3.974797  MPI_SEEK
10653      0      0      85983232       1048576         3.974809  MPI_READ
10653      0      0      88080384             0         4.023649  MPI_SEEK
10653      0      0      88080384       1048576         4.023660  MPI_READ
10653      0      0      90177536             0         4.100742  MPI_SEEK
10653      0      0      90177536       1048576         4.100754  MPI_READ
10653      0      0      92274688             0         4.234228  MPI_SEEK
10653      0      0      92274688       1048576         4.234240  MPI_READ
10653      0      0      94371840             0         4.327817  MPI_SEEK
10653      0      0      94371840       1048576         4.327830  MPI_READ
10653      0      0      96468992             0         4.380498  MPI_SEEK
10653      0      0      96468992       1048576         4.380511  MPI_READ
10653      0      0      98566144             0         4.479005  MPI_SEEK
10653      0      0      98566144       1048576         4.479017  MPI_READ
10653      0      0     100663296             0         4.605157  MPI_SEEK
10653      0      0     100663296       1048576         4.605169  MPI_READ
10653      0      0     102760448             0         4.704520  MPI_SEEK
10653      0      0     102760448       1048576         4.704535  MPI_READ
10653      0      0     104857600             0         4.763515  MPI_SEEK
10653      0      0     104857600       1048576         4.763529  MPI_READ
10653      0      0     106954752             0         4.860499  MPI_SEEK
10653      0      0     106954752       1048576         4.860513  MPI_READ
10653      0      0     109051904             0         4.984511  MPI_SEEK
10653      0      0     109051904       1048576         4.984526  MPI_READ
10653      0      0     111149056             0         5.069602  MPI_SEEK
10653      0      0     111149056       1048576         5.069615  MPI_READ
10653      0      0     113246208             0         5.122937  MPI_SEEK
10653      0      0     113246208       1048576         5.122950  MPI_READ
10653      0      0     115343360             0         5.213514  MPI_SEEK
10653      0      0     115343360       1048576         5.213527  MPI_READ
10653      0      0     117440512             0         5.341976  MPI_SEEK
10653      0      0     117440512       1048576         5.341993  MPI_READ
10653      0      0     119537664             0         5.429507  MPI_SEEK
10653      0      0     119537664       1048576         5.429522  MPI_READ
10653      0      0     121634816             0         5.490456  MPI_SEEK
10653      0      0     121634816       1048576         5.490470  MPI_READ
10653      0      0     123731968             0         5.589495  MPI_SEEK
10653      0      0     123731968       1048576         5.589509  MPI_READ
10653      0      0     125829120             0         5.741861  MPI_SEEK
10653      0      0     125829120       1048576         5.741875  MPI_READ
10653      0      0     127926272             0         5.840792  MPI_SEEK
10653      0      0     127926272       1048576         5.840805  MPI_READ
10653      0      0     130023424             0         5.890350  MPI_SEEK
10653      0      0     130023424       1048576         5.890365  MPI_READ
10653      0      0     132120576             0         5.987771  MPI_SEEK
10653      0      0     132120576       1048576         5.987786  MPI_READ
10653      0      0     134217728             0         6.162637  MPI_SEEK
10653      0      0     134217728       1048576         6.162656  MPI_READ
10653      0      0     136314880             0         6.272766  MPI_SEEK
10653      0      0     136314880       1048576         6.272779  MPI_READ
10653      0      0     138412032             0         6.332958  MPI_SEEK
10653      0      0     138412032       1048576         6.332972  MPI_READ
10653      0      0     140509184             0         6.420834  MPI_SEEK
10653      0      0     140509184       1048576         6.420846  MPI_READ
10653      0      0     142606336             0         6.541920  MPI_SEEK
10653      0      0     142606336       1048576         6.541939  MPI_READ
10653      0      0     144703488             0         6.642173  MPI_SEEK
10653      0      0     144703488       1048576         6.642186  MPI_READ
10653      0      0     146800640             0         6.692207  MPI_SEEK
10653      0      0     146800640       1048576         6.692228  MPI_READ
10653      0      0     148897792             0         6.791100  MPI_SEEK
10653      0      0     148897792       1048576         6.791113  MPI_READ
10653      0      0     150994944             0         6.916117  MPI_SEEK
10653      0      0     150994944       1048576         6.916131  MPI_READ
10653      0      0     153092096             0         7.007854  MPI_SEEK
10653      0      0     153092096       1048576         7.007867  MPI_READ
10653      0      0     155189248             0         7.066968  MPI_SEEK
10653      0      0     155189248       1048576         7.066983  MPI_READ
10653      0      0     157286400             0         7.166000  MPI_SEEK
10653      0      0     157286400       1048576         7.166014  MPI_READ
10653      0      0     159383552             0         7.299321  MPI_SEEK
10653      0      0     159383552       1048576         7.299334  MPI_READ
10653      0      0     161480704             0         7.387105  MPI_SEEK
10653      0      0     161480704       1048576         7.387119  MPI_READ
10653      0      0     163577856             0         7.434633  MPI_SEEK
10653      0      0     163577856       1048576         7.434646  MPI_READ
10653      0      0     165675008             0         7.522723  MPI_SEEK
10653      0      0     165675008       1048576         7.522737  MPI_READ
10653      0      0     167772160             0         7.653628  MPI_SEEK
10653      0      0     167772160       1048576         7.653642  MPI_READ
10653      0      0     169869312             0         7.745852  MPI_SEEK
10653      0      0     169869312       1048576         7.745880  MPI_READ
10653      0      0     171966464             0         7.810631  MPI_SEEK
10653      0      0     171966464       1048576         7.810645  MPI_READ
10653      0      0     174063616             0         7.906964  MPI_SEEK
10653      0      0     174063616       1048576         7.906978  MPI_READ
10653      0      0     176160768             0         8.032876  MPI_SEEK
10653      0      0     176160768       1048576         8.032895  MPI_READ
10653      0      0     178257920             0         8.122196  MPI_SEEK
10653      0      0     178257920       1048576         8.122209  MPI_READ
10653      0      0     180355072             0         8.171456  MPI_SEEK
10653      0      0     180355072       1048576         8.171470  MPI_READ
10653      0      0     182452224             0         8.257906  MPI_SEEK
10653      0      0     182452224       1048576         8.257920  MPI_READ
10653      0      0     184549376             0         8.387113  MPI_SEEK
10653      0      0     184549376       1048576         8.387131  MPI_READ
10653      0      0     186646528             0         8.473711  MPI_SEEK
10653      0      0     186646528       1048576         8.473724  MPI_READ
10653      0      0     188743680             0         8.536471  MPI_SEEK
10653      0      0     188743680       1048576         8.536484  MPI_READ
10653      0      0     190840832             0         8.632799  MPI_SEEK
10653      0      0     190840832       1048576         8.632813  MPI_READ
10653      0      0     192937984             0         8.765371  MPI_SEEK
10653      0      0     192937984       1048576         8.765384  MPI_READ
10653      0      0     195035136             0         8.855691  MPI_SEEK
10653      0      0     195035136       1048576         8.855705  MPI_READ
10653      0      0     197132288             0         8.911414  MPI_SEEK
10653      0      0     197132288       1048576         8.911426  MPI_READ
10653      0      0     199229440             0         9.009580  MPI_SEEK
10653      0      0     199229440       1048576         9.009593  MPI_READ
10653      0      0     201326592             0         9.131255  MPI_SEEK
10653      0      0     201326592       1048576         9.131269  MPI_READ
10653      0      0     203423744             0         9.215467  MPI_SEEK
10653      0      0     203423744       1048576         9.215480  MPI_READ
10653      0      0     205520896             0         9.281635  MPI_SEEK
10653      0      0     205520896       1048576         9.281648  MPI_READ
10653      0      0     207618048             0         9.378338  MPI_SEEK
10653      0      0     207618048       1048576         9.378352  MPI_READ
10653      0      0     209715200             0         9.507235  MPI_SEEK
10653      0      0     209715200       1048576         9.507249  MPI_READ
10653      0      0     211812352             0         9.601875  MPI_SEEK
